w=[
93.4
125.81
114.47
129.62
126.63
79.715
111.93
134.875
160.195
144.965
145.565
141.835
154.585
136.845
112.015
196.07
106.405
104.795
116.905
132.25
143.975
139.555
130.265
121.475
120.845
112.845
113.855
104.455
93.17
110.585
97.785
40.875
81.325
111.895
94.565
98.7425
98.935
99.805
110.075
114.695
107.115
109.82
112.26
107.11
108.07
112.2
99.52
146.275
94.99
128.46
137.64
121.99
115.95
107.715
111.575
112.205
110.29
98.0
107.54
107.46
95.91
99.085
114.64
109.86
144.1475
144.4125
138.2575
147.5
154.4275
137.9675
145.5975
145.9675
133.7375
124.745
122.16
145.85
152.025
155.8
142.815
177.315
101.4525
98.7625
90.2475
98.0175
106.2425
100.7875
98.3425
98.3475
91.9475
115.6425
111.1475
116.2475
110.7575
112.8475
108.8875
129.0675
87.6275
95.5075
101.6475
96.4975
100.2275
100.1875
91.7825
86.4675
125.0875
127.0475
109.9675
122.6275
101.405
105.925
112.845
125.02
77.935
88.255
98.185
93.315
100.875
108.35
103.85
110.88
104.525
120.65
117.215
98.305
106.995
109.43
106.505
122.225
101.65
107.83
110.25
109.2
122.56
125.96
118.975
116.59
126.065
163.15
128.21
133.11
121.82
114.64
113.62
133.68
103.07
70.865
61.96
64.89
55.375
48.795
41.105
45.09
42.09
41.815
41.485
41.725
42.245
89.855
128.09
78.965
40.795
327.075
64.845
45.2675
47.2175
46.8825
42.5275
41.3275
42.4625
73.235
67.06
68.875
67.105
65.52
67.46
75.915
86.825
63.805
91.265
87.865
68.825
63.235
69.675
62.095
58.895
56.145
50.305
50.525
47.375
40.645
40.645
42.97
41.63
41.795
612.73
72.74
1.41
8.78
6.54
1.28
1.41
2.47
13.81
3.54
1.9
3.71
2.09
1.71
1.33
1.52
0.57
1.55
0.19
62.76
9.44
58.63
0.19
53.835
0.71
21.01
144.01
17.71
0.57
12.08
2.23
24.68
2.91
0.52
75.73
29.91
84.04
22.73
109.99
22.9
127.67
21.44
101.8
18.36
147.45
36.82
114.85
26.61
68.435
58.12
66.82
18.27
74.58
21.51
114.63
12.1
124.5575
20.29
103.88
19.51
95.01
34.69
66.0
23.69
121.45
27.25
104.56
55.23
101.29
58.14
88.38
50.04
116.6725
47.67
101.2325
61.24
102.455
63.74
75.17
60.51
82.12
51.81
87.03
30.41
98.79
32.26
105.38
35.23
96.92
41.83
109.18
12.08
101.97
11.21
110.44
16.6
88.66
37.29
82.35
55.72
142.68
35.3
104.3575
38.33
115.13
15.87
114.6
16.14
125.88
43.94
126.05
46.42
98.9775
47.2
75.49
31.46
92.81
29.25
117.37
45.28
141.39
37.29
96.05
39.6
103.29
55.51
79.43
44.66
98.125
38.56
96.91
23.8
126.46
32.75
160.9
31.93
160.75
31.31
120.67
50.05
123.4025
24.94
122.31
36.92
88.82
39.8
53.68
60.56
64.21
72.64
66.37
76.98
56.88
58.96
47.94
54.51
38.22
56.52
33.22
38.97
38.33
24.0
25.56
25.18
23.01
16.06
13.71
19.09
19.1
20.48
25.26
22.97
19.48
19.37
21.48
16.7
17.26
23.45
27.06
21.8
23.75
26.72
27.99
27.56
26.61
25.91
28.22
25.485
19.84
20.55
20.41
21.32
20.98
18.09
16.57
7.1
2.49
1.79
1.22
1.14
2.68
2.02
10.53
7.25
12.39
11.32
10.23
18.82
18.21
20.83
34.51
34.56
37.02
18.0
26.75
11.06
16.91
14.16
9.57
16.01
13.94
8.34
8.16
7.5
10.81
6.93
7.93
9.9
12.47
18.84
25.19
25.32
23.59
25.5
23.06
22.52
15.38
10.8875
9.86
10.95
7.77
3.89
6.69
9.76
11.58
18.3
32.11
21.49
24.62
40.72
38.43
31.97
34.61
35.6
35.19
41.21
40.88
42.92
41.31
42.01
35.15
30.97
22.78
26.13
23.78
28.17
29.48
33.92
45.78
50.9425
43.72
41.78
38.79
11.59
7.19
1.88
1.79
1.5
4.56
4.84
1.33
5.06
10.57
8.39
22.97
26.89
22.41
46.77
48.81
57.15
50.97
98.81
97.45
103.38
108.37
84.15
81.44
70.21
65.52
65.3
56.95
48.91
42.98
40.16
17.16
15.59
18.46
11.75
8.39
1.98
9.89
12.88
12.79
8.3
8.34
9.29
9.62
8.02
12.27
6.1
5.69
21.56
24.21
53.22
43.34
44.33
59.99
61.76
72.3
81.005
39.31
35.1
41.64
31.8
27.33
25.66
38.71
1.23
4.93
5.11
8.77
5.12
4.73
10.24
8.75
10.87
10.26
18.3
32.37
30.65
30.85
30.48
33.8
31.23
32.75
14.35
5.53
2.75
1.74
2.45
0.95
3.57
1.33
5.36
12.19
14.56
16.75
15.75
15.13
4.03
9.44
13.66
9.35
10.25
12.97
6.5
8.59
4.06
7.26
8.78
10.77
7.36
9.45
8.35
20.4
19.48
3.64
12.48
7.08
2.5
3.44
3.15
3.96
2.68
1.83
1.42
4.04
2.35
2.59
1.41
3.52
6.2
10.73
5.32
1.04
1.09
2.11
2.16
1.69
1.33
3.15
3.28
3.13
8.73
3.42
7.59
10.63
49.93
57.2
65.11
95.68
65.82
51.23
74.49
59.62
64.58
77.35
52.06
58.77
39.41
35.9
30.57
40.72
28.23
0.95
0.95
0.95
0.95
10.36
6.64
1.45
16.99
1.55
43.81
0.95
0.19
0.52
1.83
0.38
1.59
1.97
2.7
0.19
0.38
3.09
0.19
0.52
0.57
2.92
2.73
0.76
1.28
0.38
1.59
0.19
0.61
1.45
4.94
3.36
1.28
4.11
3.58
0.57
0.98
3.12
5.13
3.77
0.38
6.15
0.85
0.38
1.97
2.54
2.44
3.27
3.22
3.87
2.21
4.76
5.13
3.06
3.35
4.63
2.55
0.95
5.88
7.43
3.23
4.56
0.38
2.07
1.69
3.11
2.37
2.56
8.36
2.44
3.01
3.57
1.9
0.19
4.44
0.57
0.98
1.68
1.03
1.78
4.3
1.93
1.69
2.07
5.88
0.85
1.26
4.11
7.12
1.71
1.36
1.26
1.85
4.5525
2.82
4.23
5.96
1.23
0.95
2.64
1.6325
0.71
25.31
1.8275
6.67
7.91
3.63
2.42
3.77
1.9
0.57
2.81
6.36
2.4
0.19
1.14
4.51
2.63
2.02
3.02
2.3
0.8
4.75
4.67
1.23
1.26
2.84
3.12
4.34
0.38
3.87
0.9
1.74
5.7
1.09
1.5
2.71
3.35
4.99
1.42
0.95
6.16
6.75
3.49
7.93
6.23
1.66
0.95
1.23
3.8
4.8
1.6
1.64
4.43
8.11
3.56
0.66
4.44
11.5
9.78
0.66
2.26
1.83
3.24
2.07
4.64
0.95
1.59
2.59
0.84
0.95
1.85
2.66
0.85
1.5
1.74
3.51
1.93
0.9
1.47
1.42
1.78
4.04
2.68
1.09
1.83
2.02
1.36
6.74
1.64
2.59
2.64
1.55
2.23
3.84
2.4
6.23
3.76
6.48
8.07
2.4
0.57
1.33
1.33
0.19
0.38
0.76
2.37
0.19
0.52
1.66
0.19
1.66
0.19
0.57
1.87
0.57
1.55
6.03
1.31
1.88
1.14
1.41
0.9
7.62
0.47
1.6
1.5
1.17
2.21
0.38
0.76
4.31
0.38
1.5
2.54
0.57
1.78
0.57
4.41
0.38
0.33
0.95
0.19
2.28
0.19
1.41
0.52
4.18
0.98
1.66
1.0
0.47
0.81
0.19
7.88
4.66
0.38
0.84
2.83
1.22
2.21
1.26
0.99
2.54
0.38
0.95
0.52
2.66
0.19
0.76
1.88
0.38
1.12
1.17
0.19
0.57
1.33
0.52
0.33
0.38
0.95
1.66
0.57
3.34
0.175
4.97
0.9
4.04
0.38
1.93
0.98
5.13
0.95
1.31
1.65
0.95
1.73
0.38
2.09
2.02
1.04
3.25
0.38
0.57
2.09
0.19
1.97
1.74
0.95
0.38
2.37
0.38
3.75
11.2025
0.38
2.17
2.07
5.79
1.9
2.35
1.97
1.4
1.42
1.96
7.93
11.57
5.49
2.87
3.01
0.71
1.04
4.03
2.1375
11.04
4.65
9.95
0.52
2.52
12.99
6.26
5.01
1.08
5.37
15.95
0.94
11.11
0.845
1.98
10.24
4.53
9.13
1.64
2.51
2.63
1.97
2.75
2.97
3.47
1.8
2.3
2.97
2.16
13.2
1.9
8.96
4.25
51.08
1.75
2.49
7.05
6.64
1.69
1.75
6.44
2.68
7.73
1.97
10.69
9.06
9.52
0.19
2.16
4.41
2.525
4.28
4.7
3.84
7.39
6.94
3.56
8.68
1.93
1.85
1.78
2.83
2.56
0.57
1.28
3.49
2.6
2.63
2.18
1.5
4.37
2.54
2.9
3.75
3.465
2.78
1.55
4.72
2.95
1.08
1.59
0.19
4.24
3.02
3.52
2.89
1.61
0.98
6.04
4.34
4.5
1.5
1.88
2.46
1.42
1.33
7.0
0.76
0.38
2.35
2.26
7.2
2.07
6.33
3.58
2.46
1.64
2.86
1.36
5.18
3.8
1.41
2.95
11.44
1.26
0.19
3.42
2.92
2.55
3.2
2.02
2.57
3.37
1.28
2.17
2.97
2.73
2.31
5.01
8.94
6.7
5.98
4.93
3.27
2.73
3.97
1.31
0.56
3.41
7.22
22.86
13.82
15.06
13.34
5.75
23.24
21.26
8.24
4.68
2.74
12.25
3.21
2.45
3.33
11.36
7.37
14.18
10.02
11.01
37.4
16.24
13.6
11.21
26.6
9.73
8.75
7.96
7.42
8.84
7.85
3.35
8.69
16.12
1.99
24.16
12.32
5.58
8.54
11.11
22.61
28.38
6.76
14.35
9.01
4.22
6.86
4.99
1.79
3.73
4.43
7.07
6.72
4.58
6.92
11.68
16.13
13.4
17.03
50.5
14.18
32.38
2.85
7.43
5.56
4.4
6.52
8.64
2.27
4.77
5.51
9.15
9.22
14.6
21.53
19.84
10.81
10.8
9.3
4.02
4.7
10.3
8.0
2.78
10.3
3.22
1.9
3.99
3.48
2.97
6.57
2.82
3.66
15.99
9.3
1.88
9.31
6.84
3.31
1.33
6.01
5.63
9.26
8.37
7.48
3.75
1.55
2.96
7.6
4.34
4.02
19.64
13.09
4.37
8.63
9.78
7.01
3.23
8.38
7.24
4.25
8.77
7.78
9.96
20.96
1.33
6.96
14.55
42.1
34.55
8.76
31.07
1.09
8.04
2.12
4.72
4.82
1.87
1.23
4.63
7.4
1.92
3.03
4.67
4.37
6.23
10.89
2.73
2.7
11.68
6.66
6.75
5.43
2.02
5.04
8.56
4.11
9.15
8.04
6.01
7.6
2.35
2.07
3.4
3.69
7.28
11.22
5.09
3.24
1.33
2.07
25.62
4.87
6.585
3.84
9.45
4.49
3.51
7.39
1.56
4.3
12.75
8.9
8.39
10.71
9.96
10.3
3.2
8.14
1.88
6.91
3.77
21.8
15.77
20.92
5.68
4.35
5.03
6.12
6.45
17.59
13.56
3.19
6.65
3.8
9.6
6.1
5.32
4.49
13.97
15.66
12.61
21.2
3.44
4.4
3.53
9.21
4.32
5.19
7.17
1.69
3.88
10.13
1.6
5.15
11.79
6.89
0.9
6.36
22.35
16.9
4.2
5.82
16.71
5.79
8.15
5.3
1.52
4.73
17.27
4.21
6.75
10.4
19.18
6.66
6.29
13.96
0.38
6.17
1.31
5.11
4.54
4.42
3.5325
14.02
9.52
5.55
7.77
4.88
4.31
3.35
9.88
12.23
20.77
3.58
6.97
7.67
7.12
7.69
0.61
4.78
2.21
7.98
3.85
3.99
1.64
4.09
4.49
6.77
5.44
9.93
6.99
9.48
1.65
7.95
1.9
5.56
4.47
10.4
8.19
3.49
7.39
5.63
5.2
3.87
4.46
5.53
4.32
6.27
6.58
2.44
2.02
7.03
8.52
2.07
1.03
1.5
1.14
2.54
4.37
2.98
4.14
2.73
3.02
1.33
2.47
6.63
1.46
2.97
2.78
6.46
1.6
4.04
1.89
1.04
4.44
5.52
